8345382
1093738
15331990
12592765
7780958
1051509
1313781
1083215
1181330
1874937
748949
10442975
173813
38073810
1750815
480724
35718120
8661218
36099624
51987040
11543666
520826
139
6209108
1174278
121504
6812295
357685
511909
7773490
210210
1594505
7724863
1431267
5982260
6132
1262998
265633
36730922
18432966
211514
40740128
1792121
17395639
37139470
6810270
4659838
2324748
86285
5899584
275022
4037125
916280
299242
3176481
2720876
34779116
6695919
1694067
7725188
3029781
23152739
68514
9052536
8463
41450647
5363860
20365169
3443019
5374821
12948692
33685575
303797
31819
7345216
1694544
6039
35858462
30234756
42070
4926565
1710493
39923744
1478258
946727
56359329
89910
4510022
486382
4967
48282051
2126916
3759816
159403
5006263
483428
34088196
799078
48421688
6880899
5131979
266545
175382
33190079
19060
3662109
93906
555349
228037
116915
22354689
29150216
4209276
891914
20320125
877290
6527489
668631
50121801
6336960
13810742
4030546
6970776
21149742
20063083
36524817
22380829
30210785
8446701
11054839
495892
782170
1305966
21120539
47095648
13454550
1883296
612071
25837029
6912043
7059255
1024025
4728920
209313
47317017
4312414
4106146
3696602
1026848
1644647
7278061
17814
16758
46021832
181681
1562019
46670806
462206
17789047
43572006
1203288
19273265
5452304
34811668
1484494
57791542
14097
6547435
4442039
8554300
7884558
1031478
4496722
7136401
12234510
1311400
4052505
2090236
213955
48793
7691399
8172086
223655
150719
6102708
8121224
94169
1492007
179542
10467983
2790608
8212
3635348
29983691
10966419
2621
3158323
1634252
690238
2784755
38425793
4075136
4728151
5678731
1523214
22209056
307954
12043730
992878
286476
153475
1108325
5280139
1018530
16750345
46940694
2631719
10516382
46032662
1211146
882703
836718
203805
7797479
8737364
26638361
458383
6509618
46062972
384794
7250465
8463814
540936
1049263
33582774
102346
386765
8974489
1547237
235531
17763056
69842
7248
18539704
32962031
98330
465125
44710980
12881990
4507126
37434846
1615
17882
7844578
16017904
1156589
15737
67565
5948271
147741
3228183
16361938
464300
3578636
18487241
8388785
6997553
20407524
33966852
1741643
7693498
46884106
6179856
1507147
13237652
75826
374863
3848219
10283127
59254971
52876328
1809317
22285490
434398
413424
376842
1241736
18756890
29897701
29792131
28983449
3370345
17699481
840163
294235
46924729
38380040
292327
30010
946669
15859336
241621
9370114
813383
4783372
10150374
1396859
5746675
2229212
216148
38725938
5360960
15029008
8982598
18513799
2107898
1916079
2160502
596769
12658589
10697800
792788
8082010
10985135
208340
19572065
1122076
8001573
161495
55809489
22818365
1675958
705404
7603566
5346913
11207998
626972
8297838
14056798
38311102
7410770
586648
2345913
51496873
15791641
16549273
552827
32959831
57407805
30635565
45375496
327505
6685781
1069029
4354888
7277719
931508
33513462
22610
1699443
31234355
515284
14045148
44545919
17216317
106511
3053525
16734772
17204904
159076
2527704
7968378
915037
2148847
2642119
6726799
9513634
34364475
13571208
3378822
3582121
8456476
7342888
3189725
3686989
6928939
7814085
12027037
833231
22453358
2868221
18673814
28616219
8235447
33983090
8848022
55584046
405541
4025991
66215
43822138
2398765
31105173
15898052
13188663
24458075
16607382
5057884
7557867
42427874
23358293
88543
531417
195178
4669102
478771
5179380
23176832
7666381
9698378
13121330
1443320
842543
31735282
1295078
24480685
8062771
13460388
47783
10220080
1438008
14576445
11536226
100638
27858067
11297593
105281
197867
672405
87751
20795331
66230
118582
45936891
1169539
13021826
4312421
950596
17047910
37723586
6089872
631409
1880797
56264529
481937
27344744
3264292
28623614
51343580
1464454
3979544
9382567
5497598
1430958
8479982
30921855
3672960
241340
5113257
379665
9326700
5487042
1188806
2066707
2377233
2379521
773555
22535853
5786708
47353
172966
45879990
287744
10399117
3359485
2303663
38386967
9151057
329626
154364
2153442
158903
40748327
7339644
44679055
22474961
1507745
18615930
237985
1053150
1345394
14904961
4685447
184325
557508
11506730
5559355
665029
1827838
80764
22458
864788
46251339
7454142
6193897
27359337
33053745
1518655
381727
44319
31021304
773467
7570798
440939
41571384
22377521
19642328
13084089
4266319
351693
225986
24788200
24508452
6450056
774945
1227578
684096
8509731
9284055
1455254
21244001
40995042
6620597
693511
30985701
13910
31313717
3396686
266306
1935696
3030250
124475
1911993
895681
33483920
30576607
6788579
13918954
5671049
30057970
5277788
15802727
54082698
10344542
49004749
102331
5885520
112710
2404461
166162
35494118
144163
13739343
18628677
5366828
6842094
1279752
4279702
1162160
241512
20318
611168
1641362
535880
4965260
955389
8529700
7233865
965798
26212004
13474362
76797
1819813
1775518
15348827
493656
102707
28622840
1271546
10319700
7112907
6868653
11087727
237988
1119863
32519285
5751892
3590545
6829750
6040962
45447216
35342732
223048
240100
167588
34559079
23053494
37111791
152137
408753
243761
10448145
25500990
6261322
38229299
50725287
6734573
549654
19162205
25862682
23412689
171892
975824
659178
9995998
1099422
1725163
7278479
2640861
19610256
5878421
582584
9813078
19819
15825830
6462877
7657311
40512816
24614929
24643
3131595
849197
6824881
265630
1778160
129552
13952701
31023527
283533
9948422
35191225
818316
2069677
255767
2671025
7586237
378539
90106
1674512
1460706
7143571
135091
25708359
432649
15018133
160684
2111957
82501
1768576
2546850
113560
11099186
23717796
2644
1449049
5016373
4459524
9049092
4415820
15607393
38727366
25204833
32680403
2218736
17323968
39047984
6134547
15853505
3915058
2109371
128147
206848
3436472
932156
341866
5855179
273454
41675306
5263355
5619252
37701324
2966499
14346011
1420062
46554034
462844
25132828
9798949
7829205
4683401
28480705
24917424
875324
214207
1035262
34159136
5315880
13206671
24319042
6361363
6913198
32502411
16950305
4144326
24796206
3666887
5802656
24796587
24358216
2130732
429209
2293408
5151193
93914
4240491
454288
1016473
291639
3628148
1872816
907998
1504626
12190138
1458383
26533957
796298
9500018
208217
1147451
8680176
16766985
567236
28347743
8982192
89019
7611973
13496612
807839
14253034
51993843
554369
371939
7177369
841045
1890862
1342461
352113
334293
22455149
1223306
12486774
1823771
33891016
7413894
263285
7932356
1558058
43283697
6948130
3341562
157634
2526939
358545
387848
131610
1476795
10993858
115056
2887858
19347900
8713152
1839179
104888
94267
177476
215707
14240939
5009268
6338394
229723
235094
4702353
2785847
27367056
12720407
754514
19529592
299875
543739
7741236
5965031
37377066
4496480
1571086
253191
54934
20525370
30318733
14009
8086638
11554863
11576446
6770950
21087069
43483458
5782147
2689338
12961499
59192460
294138
6331837
12514489
187006
11810069
141300
26019796
5359646
49036840
54990988
25329995
1508178
117518
1565951
32388530
3819725
5741138
4999022
38158676
3717345
27899617
7565298
1150330
110045
939291
1249
26898827
1235106
4016501
7600925
5851636
6799218
1175375
983309
37562642
3392975
852371
5793364
5409572
4568652
21028843
424620
5874375
26706920
46876726
169707
1774917
5672864
1177900
49594
25181517
657616
9190779
44017640
1299302
6983498
7410405
2947276
43336896
413587
27334172
2285928
730137
16452789
1549611
42893446
25029451
164197
34038939
9683693
217028
174605
1101691
1516722
5975
49927
5846501
2346599
2120155
2223172
43744561
1089173
4558190
670375
13581484
904737
1730679
5107383
1496003
67428
85769
1715390
5648814
7629661
17793253
6411521
25814962
29519076
4262131
18031118
32480799
278641
38879457
4793122
27025938
3764335
678434
2170034
15940875
1269020
2082481
60868
1746967
987963
20586709
458683
18226415
6442159
11149054
32504382
10365956
1483000
986307
2184312
1307927
2934284
21242339
44036031
45976948
1523515
7604295
768163
279769
241708
24408582
6968137
7645641
24452502
26807394
30400991
220264
24409479
2165437
1799009
60038575
725120
23809
4366342
3380356
23662020
51073
1107407
2985653
387444
5028905
13125299
26535726
1341797
13088689
19949019
7014
12851112
11537382
22395
783875
7252454
5277847
513218
240898
216176
988750
630751
9987732
2118079
46768731
1421081
952007
1771866
16009897
2789926
794216
11597134
6487691
12143653
52586855
25716524
33088785
1201551
12877905
499566
44636839
1339124
1126133
8673634
25509135
3163410
1034294
93231
839608
816968
1939288
5657516
3781966
247730
10311
21101839
7960549
3198961
15216359
4801336
19751919
34481203
1874242
10237751
603885
2212615
229768
1641992
223620
4512430
12850933
99389
1327476
1538528
172397
139316
928074
14233220
2865774
3518475
3431000
1936982
363911
9097307
1922652
5236397
3049216
111859
7405016
1013846
23697296
8745151
2675889
1298839
864919
3534711
2578943
1500452
14302599
16385323
191561
28816297
1818803
25026967
23165168
2153556
4981990
6352379
151346
6696896
73684
229402
22366557
1512299
12708813
175716
30367552
6051869
294844
42927786
7376778
22199259
2717397
5617452
3110
3659035
331852
1159312
10554446
30430
16746409
147393
1297759
7679720
58170926
13834498
7477
33183880
36795297
647727
536803
32958393
6510020
40298165
734593
1854799
692384
9332696
5750642
16714674
169064
34076548
5093358
18436759
2727124
2404721
44945042
5774651
43814140
106908
585279
6702424
12414727
23178940
1923596
2980562
5048090
3186638
4028391
6926193
10573728
35348281
6948709
3010346
2735933
19195
1651325
4060
8389499
55200481
20317649
552617
2147649
156056
4610293
10355528
353644
398496
1863456
4542928
357238
26916952
3923587
8445510
22975196
11698668
12388235
19943832
456285
17020178
1369810
1071894
469983
870343
14014329
5310
25769537
1682954
12456315
890289
3092083
462477
1322974
801454
2650578
1578436
16663687
52201
15646249
349154
557590
46005105
32576256
57256715
1004892
336308
1788245
20175974
30079386
2174084
745535
59435267
172806
1884973
43185817
290948
188129
166429
40587912
10753813
2211503
4388688
694365
10048174
13832349
13433645
465279
51394348
58669
325724
11523725
1325839
6337605
920616
46377665
60104344
13233178
1149255
4039449
16181067
28237
150330
39828164
7127206
13840545
1330720
4722227
671075
20617352
4833351
27040963
21271495
38097053
808776
1011721
5689132
6115423
6778341
4346137
2147549
24964592
486017
42488585
5185953
5949554
932056
1586232
930215
1736813
45554
5461468
1310443
547415
11288319
7643740
3914144
9018903
9121162
9913945
3576549
22549072
11966684
27461460
3617152
758047
6964154
9783985
49596073
1087524
13605369
7804791
5855071
3299086
2486
528080
15396
745966
10055256
23234783
7536298
6773197
8149784
2264908
4943644
412878
54266244
370678
11368662
1059417
16733187
2156866
253316
6599111
1032474
24195
829885
22002486
16788093
49265
8421793
9151347
444165
48966456
30811275
2833376
963108
22133785
159289
615282
5047671
736085
30635813
38618187
95329
6278726
23348551
794579
126560
30902582
9973512
8294038
142658
32874836
1382479
12742211
1261828
19909549
7976925
21669981
1926128
261509
4979654
13717200
13951843
13865581
2861319
42288570
18243819
9515997
34409217
7784
45259624
326587
11664177
6690623
8544299
9642232
27322752
7952949
5095065
1850089
9270613
5070879
31628143
4294323
49782545
109629
22347407
10931737
19244099
13332412
5154224
6832600
10220449
5046855
932566
3411613
21984530
35072
14102861
29368489
1661769
26895243
321947
868844
144194
1858925
1866301
36977733
20865852
1041088
5682135
141248
16764864
43373
309543
32811451
27942770
67184
37055979
4569866
2420543
3037006
1185458
1759745
51889757
203120
98126
32427677
41831
5766837
1196244
18049757
1880641
12498987
58130806
6604455
22635214
31021
3471406
5909522
164192
529021
19953266
44433539
13679095
788266
19409
451506
38943617
3627351
22546812
3750347
30536864
15327579
591645
1549952
5006381
134893
3305006
24971970
793406
4991309
254604
6226576
2759402
16434376
1513454
12473268
1824962
2196685
34056598
25229822
214730
5107035
65864
8391225
540727
620640
2815691
48872266
24351052
6547784
8309296
171015
1177762
13029839
31420082
1951866
68227
2507232
639730
2649547
598730
3557
2931376
415143
216339
10495562
57841277
2804291
20147562
2665023
4125257
191061
5575882
923610
1592123
6961185
264377
523235
12698940
823316
8605335
10926130
5856931
402462
2055636
1550771
2025864
6318224
25126
3883941
3778439
6504967
11247237
242843
5077020
14086031
6613614
5220101
9635792
1282577
836504
3324737
2584128
9250009
13881324
21064622
22162772
22921290
8080177
18333116
17493763
164148
19235440
48695441
3594492
3254987
9039753
9346599
19329837
6416159
4369547
2312287
22436459
542335
19259623
19210023
51141
7121082
20388018
5562157
18068522
1878523
13259162
1178293
11524655
17453281
37394697
1760346
30026387
475132
1701815
1331699
9417600
543193
26458780
6422482
4945153
1100176
7166977
1145791
1052615
6409113
18444245
864393
265507
12520755
2769109
4720401
18552168
29169102
2148359
6565744
11153579
135657
1047259
209920
3265642
149656
7287268
20117975
751424
10400067
3472474
96249
910430
901547
14882753
15217907
19331850
55619201
13161768
6893216
1355765
5493666
16896067
14334380
11485791
18470668
7353773
4839878
7965335
22988955
578547
632191
14230060
1006814
70381
843617
857871
1159931
9470158
928965
3485505
663718
26367840
8060356
13916566
6606587
23400221
2462905
30588862
325670
3295627
12394889
3612959
14891507
7662095
1241845
44611780
666683
1004261
428847
21127288
41122687
37929109
3136107
103510
3784339
8614223
34154552
955484
12226042
5986347
107427
1833979
14052956
6666853
32238647
484075
20374
25459274
35681649
15199031
2271825
38655987
32807958
2855582
191754
7070711
6140516
180330
523221
40430746
5567574
8779799
106934
319208
440661
6338509
421708
3237266
896423
3965163
646504
3442602
35878088
200725
2249071
32294991
150913
194254
560781
43698041
1515413
13817382
4434883
199470
2644648
6814174
1909610
125426
16719720
5521725
14950262
10510947
3195906
1509413
7957361
20642596
36883350
104113
209434
9088981
19239479
22625602
45024177
19173257
2393288
5889984
43545812
26461373
1470054
11348981
1583231
27221739
599935
6293917
5744986
29569725
45701251
1422608
1410035
1314447
25705399
627365
3777473
12539
14299449
4958168
11387611
66927
49731213
2822640
730388
4071613
17506744
6500147
5278970
1684011
595843
897323
578543
23616154
26767803
430798
38171761
217931
24558636
2741569
5500713
60622
6853407
25913899
746282
1106587
23395221
17164475
5882266
439929
297744
29773435
1833419
3699047
41937333
1835343
13153687
3156294
20902771
22636003
6439644
5246893
122773
19531547
91933
17025286
953300
934084
5679568
26384707
1209475
5676053
9768336
7074
2738836
164140
1131421
1881266
17231507
495736
8881141
47771
1420328
2480569
1885159
59118
9073706
20968
2894451
12641234
2182
9306985
20380692
6152183
8855632
3624098
303289
13536789
1323808
2365592
63657
37143495
867352
12383547
368904
106194
354652
34477873
12638819
3603793
29893001
1622084
12538215
36262981
25694730
32501733
1152236
19186904
48534558
32868330
676637
12871143
646400
893260
17163988
1256531
7227519
8337659
378
16328918
10676103
813150
40912085
6292
7439692
22179355
404633
1413571
4165935
4305769
4950251
11579064
333780
207072
1758366
12912489
3176222
5507031
25299219
439577
242329
504195
7649529
7608555
677686
568775
422587
3837059
3922475
25312957
54081388
5324068
20937135
112564
4522492
11423310
132835
5619332
26520956
4658938
553140
661038
171016
512815
6519888
477235
1696128
3408509
1117703
178444
389558
287088
810322
12248527
6019344
16706490
2867563
12243282
1651201
7520894
28300107
131846
5110813
55228985
8326698
1257414
89061
1360816
8370277
4331447
4106672
1098176
1065933
2210525
5829014
15277233
6318931
50422789
781373
58337159
16054566
1686843
2639701
82622
22245117
15009280
44640
14102456
1411087
815787
155807
8210
22844311
7037958
25363473
6174259
35924738
40531911
4324090
15617545
1617427
4855887
28702884
4635763
5821279
12464600
193136
130920
438226
16029912
35365065
5466341
30760636
16688047
4215912
6900584
4446070
15089941
46606402
5007064
39187513
15976103
9389929
3068563
24640314
12932
285173
1196414
1174092
1458824
1735589
4548309
1232918
643918
15871226
64103
16060205
174642
139536
15699766
156580
34151743
9202752
16000203
2898730
5298046
1220815
33298198
5164000
6326116
47844
508402
392754
7521849
3258579
7842698
6302
52202086
14142
193596
4212985
22878174
2081100
28650772
40056287
6695233
212092
5236598
20893717
595301
17968138
249088
9864546
7756031
4265913
18488025
1390682
4245199
369881
323479
9656686
15789599
8408838
2447371
91987
577247
6731983
63500
1298239
582444
23144950
18735471
1616846
52061363
5708172
39792797
297439
128223
8843386
2195988
431231
8478977
3883441
13687964
863421
1036755
4531
46489434
66555
304423
11063910
25506432
10731363
18705342
1486942
524254
1647294
15102
2305340
12197460
20052878
1450143
2631566
22129923
23081266
4205004
4570452
899716
22856212
6605049
739932
1204467
49640416
1306177
4884946
88703
348704
32324941
14806298
9365308
13381361
1247740
46023154
15719775
26505401
9042472
1410238
4069749
14090872
1062981
532567
12065137
3979239
10426229
13764712
2962421
22418429
3383807
22619452
43516554
1054456
2048786
484459
16988148
607965
13283837
16153168
34249966
556505
3640273
3598852
9398410
36231209
43595566
824577
58945949
1019528
38816229
620876
49777269
658865
6802489
6904368
14021523
6644028
144226
5723682
1165729
44514389
2404182
19273206
29582865
3049495
7361274
8866981
1029195
29123479
5960988
33966400
839636
299432
7460917
2467993
1671908
16046705
52821266
3444053
13644285
6392311
1580956
43008152
31611203
1446531
12366410
22294087
1838656
856924
177011
785206
15850505
4655422
29896317
185566
7564547
189114
33249058
11326433
3729414
50467563
3521582
4045041
14830596
2748168
1313844
9836380
921131
3447363
1915543
1518257
89469
1044316
39259739
57223640
4533074
29146839
31141479
8665431
6864588
18048742
3396162
4119508
10818434
5435649
842688
7758551
1707762
362732
1726821
56157
13934524
10968691
8780
40029512
1614274
4992947
48285220
20683409
553637
515763
931039
156269
2305178
17742243
58069246
7110786
6652439
11995863
4673661
798147
12439992
6063709
38999995
8732191
15085693
14034137
1515662
51835841
1560874
138608
51718346
1571648
50217163
5629201
23144860
1373887
9232216
16079446
3720615
23271554
8507773
173219
4975310
11514638
2067774
22508776
3272758
555095
6867964
2328540
43101027
107804
47974576
855338
42699250
4426533
64329
4723139
2475912
67130
50673670
9667809
4722119
5150045
25709809
1951674
261635
1126767
1549657
6504678
59103226
42570690
167524
8390535
1316870
10564548
8205546
22231077
2967821
61285
12818240
495550
11276292
29806285
386735
5236035
13806761
9570153
7460787
12834464
644536
610707
2736571
16812354
20793441
651504
6026419
6908465
11851990
6431515
996377
1005638
1753222
1310400
26201033
1946708
18061653
35181442
277214
53424436
644927
1075609
722575
4391600
38284410
285497
735269
6311784
12471139
8251619
4955943
49510841
418920
5646041
11358178
6618235
11667869
24297712
24560428
35370833
6208486
6377684
5626656
32594520
5100735
384249
15262528
355401
2841473
717975
45102602
30607
16655165
22582226
3375461
36106620
1249760
32693298
538862
50199130
1958485
11518727
5061352
990113
7485811
9129843
6525742
2279598
44125399
10905411
38258998
12693098
9038904
617000
637632
6072843
1195069
6518876
17006446
338833
3517879
271079
2228592
7307488
8287312
36520865
937315
7193131
16192401
67560
25029876
10367254
37936015
14142636
44875756
1321762
458654
4922252
54914
21059419
118266
204153
3579909
238736
7302150
33364412
12159136
118037
117673
177685
1340805
6042212
32391711
6713261
346
3891165
3909752
812088
29825328
13721038
53588889
5236916
612924
26295698
1439229
5133936
11406106
39158228
4662023
42221804
338989
9574336
806876
37621491
31217584
9043801
15818888
37055279
83100
5069410
18697775
9798091
12962539
17039389
368201
43395114
3856266
5861765
7902617
5011937
1517291
17729664
4459398
2109932
24910512
1899334
3139113
531568
12476868
1027700
180
12459061
2102878
526383
2632
44469426
42476340
3774640
145740
4996934
6578603
52684582
50377477
260340
9383935
12833
568298
49173979
1050212
5702338
203398
1085180
925171
973709
886567
83657
631719
39132384
708488
6317196
4162215
120951
218972
8493752
30215038
14999
3743506
35777542
26134459
11547305
10747923
22754118
92499
16606427
13959880
8611110
930251
2997844
31867827
57978453
712298
1726411
1462215
287255
32954876
1036163
35845239
3585208
41184947
21012162
22036417
809335
85464
110988
50812
7227589
39809509
4694408
6422799
5095026
30030
5133557
2129163
585223
144328
16363372
11800204
8944061
7669169
23348270
411832
75441
1224107
17081375
59518230
1349334
7887162
12861163
9156882
9371695
15254956
10149878
8430564
23627133
29491356
542108
4249086
3764089
6076111
43237426
12118751
2058401
50342473
887496
36458596
10637154
29899554
32295532
322030
9324390
2161815
3406709
4690029
499973
12198657
5858697
6576335
2233556
9077618
12991097
127635
2265299
3856259
1156307
4681902
19808920
25689525
457949
116946
617519
434651
2823399
4172477
1280130
1802676
20395316
949607
14063414
33514570
8332823
2636183
34244293
1951843
18555898
1483922
417981
4107567
8111351
1498142
183004
1254726
8237154
23728321
37885061
12505835
625793
17744450
8898718
304904
17201238
9311230
4267448
1927579
103023
5413013
234708
90097
8564669
14967033
21087696
11773683
40260639
55979119
23310825
617459
3588798
43506501
363559
2934976
11422416
1037931
1880890
964610
639549
740003
1762672
33349536
21015895
5171327
8929706
50212
1946366
1557784
6620652
967540
303593
4241969
1525500
11949081
51016
2253692
8635919
110125
70376
1374172
8842662
9800850
9490481
2407108
7121787
1050156
7014355
4818419
1916485
24273478
122850
23974453
651980
5175937
98017
17454848
137594
9288014
1015682
39826756
35242579
57226062
14015177
162862
609052
28475321
2687900
55607356
8291187
1586305
1197137
51015
1388608
1833051
480915
40795980
20028702
30232445
5441976
974897
4118886
13233076
52838694
11703424
689412
10867563
6699539
552629
7204669
5290912
43544549
16621507
126780
31854960
48517699
1471149
3198595
5657719
22225348
1148127
2990321
22668662
5173158
991759
153369
8506
1815898
50637
59198078
91825
8590583
11896137
426437
195021
7147385
11311305
4595477
149238
1081115
7541458
60235514
1815142
12645599
325433
125209
4778111
26625900
2762082
14235743
27288432
8647429
1467123
6941005
13770634
7027737
6271940
454847
1589480
127654
16520359
20284688
1295172
8207
1710385
588407
1216493
39974784
930121
318262
18177732
1901059
2401856
279773
174496
49736102
36960691
6401
1165416
981076
432849
18496730
22714384
53090002
31640292
2047945
493010
59932779
40235943
5320055
215033
31145988
5453010
979129
26014927
1678560
1113045
81549
12395284
1439914
25695219
1042025
9006264
38523699
49174849
12391445
26925347
50170696
3840
144776
42713625
240131
125138
2104052
2831050
612482
194955
22908988
449224
285292
48298131
63311
2229872
7217515
59039
1090
36042587
883887
25562315
181336
12784118
413544
2197422
637619
12811398
43693241
38927366
992248
92793
966001
71999
3763234
8989061
1058663
494012
10933561
2583971
1037212
262165
887196
9913176
53929
32407067
153596
30441001
221655
13979878
10938912
1874151
77656
44770049
49515
1052473
7425640
592534
2559091
41213225
48293849
25536302
245573
25355384
6293465
5941577
2547149
4383920
7850715
77272
4873897
1924134
27783894
10455969
726268
21194714
53821852
1517367
17270325
21957446
587742
34192716
26722564
12844
80144
8517910
46796031
447240
9858145
579593
4232207
22224731
38448558
39675748
56001219
18467667
7397134
47896986
13825704
7708031
123479
1571408
13311001
106816
3430214
5968850
1027102
15373136
20765689
213073
28682735
1500888
11519203
24591185
626142
343936
4280891
170985
819559
2835415
234957
2236975
3081095
1874062
38633594
29494941
23103705
46511
25608335
933680
10290315
25565697
5579638
783082
11158905
2768870
810358
6519569
26062441
16672
32740480
4624411
3344749
1074042
1110
28590170
42096908
18090140
9654527
42857895
9606994
5785999
144775
1817032
8559774
3975960
2338946
35873101
50472
1075965
105507
54128
46457601
719156
29681685
32652297
3648336
1286425
47223
903781
15154525
7287580
577668
58662
2574558
1656595
22861853
941350
3396041
10832834
49358172
496233
30341059
3639540
2973467
19534205
11963368
16245
5675681
55506
23134220
660896
10323945
58100052
22727137
2133026
7136140
4312191
21240
5278175
46509072
2621189
25154432
7234477
28217223
18367606
14268531
5041459
1156773
25727662
134117
370103
31261219
3423655
1800845
31692
13700194
13370
8165792
6379
48727989
2624245
3321081
29024248
3014737
3447497
26985418
1621608
1312546
2806307
60357436
2199511
787652
1567626
23631699
634394
1944671
10985336
10714426
1018543
1849416
1935623
164094
38239150
1045340
34096977
9938253
4449383
23455376
17328
41382543
33701428
2284563
11599528
13250888
50100922
19497059
1133871
28540387
5950307
3388047
284663
32451103
14804833
19995437
1945449
42962536
975267
3151842
38532187
3727504
1595779
6930756
4993439
25530332
36490558
7072278
6547459
5840801
46311996
2632473
388669
639669
9886026
2229300
145676
321061
14226737
33239151
3329606
41963
1873348
442326
1978092
2646487
8288195
777993
946010
44349756
140937
441646
33433250
17773634
40685364
5897523
43987131
80071
696693
30056107
16103020
701221
45346619
5952481
10340167
467709
30571138
835177
5512561
285407
18305255
47381367
286847
236070
26203246
13968549
3843505
418083
4006693
1752865
7850307
5994683
8584418
4246109
755428
7337691
814662
80741
1370608
1271047
40862390
88371
8487728
9831678
7815439
10376364
48290428
41969005
166921
14188390
480395
505281
22201617
5072613
1365071
15773463
209225
125390
5138697
25459661
1123307
43064781
22274335
14021202
1688389
5421321
37735580
1456265
1776970
163421
8287751
3787410
22377202
12629136
44598938
32661241
3657859
323734
2265419
31283208
1071979
3512237
10065165
181484
31974251
1637651
503991
585318
37170243
689043
860878
28673295
248764
6889033
191149
12621235
353790
4107444
1050053
114501
4982789
10248125
663326
377295
128854
112762
18671367
29727304
4011353
158862
314564
4732915
5461649
13849792
1627801
51877647
12645064
3629705
31348972
102169
26520612
2277717
1783439
758033
14772
278727
5736267
2051656
13309349
60096576
1202254
23086610
81939
47742104
21305646
25310137
24609692
5081226
10594519
6669365
6790339
6995927
306177
13450219
47781146
328891
51417392
3182954
105262
316357
20042607
46231
15763
848666
1207507
701448
24714685
971474
10342690
35697677
409128
11255727
29299532
1787385
3182036
3332020
1840387
114288
28790108
1388071
31777345
16374903
768942
6654841
22742658
4213483
3694571
20515
32438984
43583445
2818394
40341743
165052
4564579
4519234
12373754
32820963
2658545
1680079
491873
5051721
16049676
235584
10830876
1876302
1331253
3953314
1121837
6561758
2096101
5327960
24322263
1122927
38136789
22172241
29563481
38217274
6016817
20998291
108225
3176016
51290189
58783374
1840624
878058
234029
3974977
1448194
9521583
5445507
1391608
13564
18098083
2100870
1174718
7047859
81045
3110552
265462
20144632
732202
72749
320076
50754
934757
3816428
19661255
14106963
650600
26914352
1451599
4438263
40207129
11840938
9501115
43715558
9730330
13269485
16734205
7432835
2256941
25086
1531684
5711185
10237910
56873669
222056
22861775
4175918
1268547
1866448
2031472
9744647
4840590
1324592
20517828
1303842
38184396
18158178
3854374
794394
13970789
43375532
42414
13735136
7288250
1690313
59488129
4009570
2386969
30480171
12730065
17449078
13734297
4773225
6546265
349624
14953
7122521
6118709
16475206
17089485
2027
197648
77693
89480
37929992
1781985
14068621
3601817
8479023
131179
7752424
7550632
6231321
7359272
3406519
1146685
2391810
1098415
16511019
15487
16926
106728
513630
42538664
1693432
10356230
222373
28681716
53475968
7489814
7282145
7631137
33289435
43357585
3860496
44067969
93963
96200
16929048
2828955
8699967
5166596
4723983
23391543
653031
20653176
6371568
36119339
41293484
5433822
4612584
14989535
1533248
170200
1823355
12772118
645701
21963954
1338958
971544
47955413
11698744
9212875
10114577
54862022
1410792
6383381
743025
5833655
40846040
13859395
1622880
4530030
42408
238977
1270855
1499985
2455813
7360286
7984552
10904967
760245
15702519
1143313
1232260
535948
144390
2722498
4021899
40219623
10427665
3679392
273926
16868093
5557942
465550
44400703
1244112
47322901
6454655
8108116
1993262
312463
31687149
7606389
1565789
1903876
4373031
34893
138017
103437
20893998
76852
8536802
96958
19598248
1192433
997214
1257206
1856308
16245236
5472189
32361480
19252045
4140247
1443911
165551
1486054
10953627
1609742
31306224
4874123
16403058
450489
3397227
1358764
5629366
29133953
482138
5517729
23291356
22870463
18122812
2087964
1559632
3407192
12612165
2714125
175286
2528139
8721264
1348242
57034105
681992
110354
56295817
905221
27874591
635179
38807139
20438192
25161192
45537
923079
4603360
1251006
833664
16325641
5236768
793536
55238
145658
41500739
32566723
758258
47138227
7377632
801711
1063015
148276
542997
19352680
43154838
39336141
10143738
114388
27226909
2879818
2951285
40209326
15870933
1929191
6270979
34801905
4581915
1832671
611784
3783292
13959
23706992
1464942
996472
1409219
18654005
34441612
490981
43685404
13560473
10070520
3732079
562343
1562711
25719685
737958
20135478
47027335
112310
43759105
1277401
870979
7425261
1767249
8348955
17447417
20151124
21329253
34266271
13464297
26911141
1671644
1731108
65520
85097
4336207
300342
13914967
15144646
1468643
7805823
194960
14066723
57929
162442
718899
2029239
94062
448004
8001629
67984
8463287
18411310
1238153
3050060
32486983
18178614
554536
29959063
407675
1062408
15651770
16018629
10480926
11322155
17132927
1305378
1065446
19934845
30736863
396787
4196
417134
48548002
453543
594179
30395560
4538631
8614547
1690648
6329861
1522415
854770
681982
209371
4103412
15307345
3349855
128436
26097379
124208
51282340
32702482
40192655
5513065
32935519
7431756
35675770
67276
4190290
2919859
28066518
2151962
2634722
1169976
4818531
5664060
6020549
22820318
43031053
1038917
17510957
24675940
13290180
3430459
6687149
24377986
124550
381137
3947069
24903100
16035056
28857628
18070676
39821461
1459124
1410427
17041194
7775707
10482109
8830187
840039
7165771
15892244
265333
1940490
38532
8229322
32810896
8317331
6609869
1469526
3471749
11588594
4995967
157346
743706
527325
45267552
2730871
17085135
1243475
2314730
916551
26654315
24627030
1409994
2035561
18248949
2592379
17282096
32717
115141
24453563
2767800
24879183
22431493
1412254
21954590
4999159
146917
1195074
13334553
3456
1706381
5977521
6259644
13205600
500825
547147
3613592
9874850
19568747
6014513
44352119
35046326
1019875
808713
5127634
4506039
40893967
339229
430114
182893
4546714
8635138
1584702
67612
11936772
11428698
9377920
47565258
30862240
7322292
20858744
2534009
44991177
5955761
377603
50037292
4199624
2031404
375631
16618216
19531173
34038984
36703491
55281
16878607
4532436
2488
355999
5304551
3244965
45512128
8446485
419567
180104
16516970
1002484
49783724
10665499
280336
1394639
34161928
3257878
357991
10427268
39082034
49158536
159988
7697454
8343178
43331416
32877315
8163576
13172299
12497005
380420
3972343
59035618
31443074
41108065
36793
17864683
2212006
8990
31439529
16307976
9606095
8750713
43880903
309967
2015821
48419040
57106739
527063
8932430
301892
1998569
1638500
3286587
348496
6764600
5420529
23033765
3070389
13777628
20167827
2858716
4724730
559443
12961955
16055213
1283487
51034904
5013932
77501
5391010
32813334
803976
17483734
526419
24366206
28987023
156882
1185977
227204
6913178
41773797
7288735
44805696
1059363
13684059
48366877
365188
29743310
18107717
1697880
1402801
6336384
5452476
45261195
32088
1841589
129910
1260667
8158668
7889473
1447941
1226086
19201898
228259
15655
961094
36607567
9195842
29403229
10697536
6065437
28706372
21128732
49398
227792
5056218
11051042
1567317
33252015
22141864
14120445
52166830
4077876
853977
17164385
2577502
1307217
7294431
19505219
5923094
17952318
8878502
153674
31585789
33847963
8290530
2649476
914968
4666273
1409924
43842770
321201
5457024
595010
3433835
7320801
5102591
30302768
12899729
41650711
20314742
11146458
3108136
148698
3928300
11446969
436032
14349943
27455974
14025438
8845353
23317456
53845758
11725486
16944
43380238
31820853
50580
332336
2074089
347804
25837540
1641515
23072698
13604413
5261489
40209448
10802141
43460290
1051453
661800
149304
33329946
908206
10363282
5005612
122666
7517515
12375916
38637046
3524671
515813
49458323
1798101
19409687
6819595
316517
52824
26425882
12962097
1233990
8964148
16245284
1915889
5615588
33776693
543275
39883682
4681318
615777
1407977
17682407
1392875
20857899
937086
570634
49715959
2175497
13974112
4520186
1426041
12187340
259573
53756884
998898
1530232
98980
394382
3044
150545
33044872
503614
22906933
181371
2461547
2757177
25496890
1993710
11803153
45007152
3738070
17946081
8448
6381317
2441328
19640464
800750
975687
112723
3332519
346399
10043798
10698320
195836
18679494
14373068
31981203
106448
1838666
32560442
6450081
41730
3878678
6749661
2580396
106475
745888
51277766
39809657
26697460
1516762
15731038
1463435
39524005
96857
1327952
5036851
42160088
73870
4385716
1715982
1755269
200925
9925396
139603
1387206
7811147
39464296
2918873
14305431
6563621
20602520
26186607
10131986
5822349
46885206
1281144
2764242
22309277
93181
3932274
47723417
112706
9503187
43742195
1178819
899175
2485545
921420
447801
58894
20071112
274859
348932
186126
11700385
1969979
178424
37344460
13408130
6818218
5222051
133747
1693688
900055
1162152
2563385
6898003
19577105
114177
12798904
875184
193286
49056869
4225359
22665058
1539047
33806018
31008129
15621541
7534274
43904389
20375610
825875
909743
15233
9157833
8177517
13391129
26019675
748069
32321
10846939
12759477
41016272
61586
4663648
6061728
16693043
7966628
12213477
171129
27818531
1535615
13711415
26163841
1025424
1150630
1221575
47979223
44753577
35376950
1627459
15825810
36769242
6366788
814032
10717965
17698576
310393
232069
8425057
8715530
12100985
904615
7161794
4477898
462020
579082
7751303
5960567
786092
78644
6141587
1719781
2741977
1144308
6213926
4778485
199813
7956715
216080
19048640
21008209
1254821
1783464
6445815
5376280
11841785
29175115
8576312
5063477
41873
20040931
7016425
23290356
156867
618807
5428479
24732036
96066
3819570
857535
14062506
3829546
23456686
8577314
5649156
4502689
1766191
348203
42719716
1033173
2748555
1329768
417118
55802893
620330
5989971
18581859
1181324
33830316
485793
4861133
4802
8609142
4456735
499057
13736691
2128389
29604460
14283640
2422745
11130940
18071344
24817848
3234209
4663766
29510261
37775
726970
1886842
629681
18150845
5129384
27425
1629585
27295005
10681413
30732788
15341301
33130539
6882878
7543950
764326
1609725
451043
568254
18402702
42136882
38917582
55286565
2989985
39224686
28736695
52454541
1944737
150311
2776756
195637
14055146
109990
32674962
34277
54339832
4932543
48260754
7527103
16232127
2235675
57827378
54039637
202916
8252296
18498712
10100202
1459866
21022101
32575846
22448332
5213
31046348
32553057
471273
24676292
43487278
914030
4963
6765260
52313821
18029834
9870991
16268770
705211
2292245
870673
14054505
4348286
1444314
222615
923865
12584040
3761375
982553
27864672
8238561
986903
884092
3761578
198999
595491
5939997
5551616
11546058
47527406
16922860
22817130
348975
22129715
5329119
134307
302922
10587625
555381
11083252
43204447
3871097
8145677
15693688
42269246
9975
38061436
38294
5176598
12425871
612858
21363892
6699901
24326988
3924176
661028
900523
3724388
31182887
46817738
231180
46109954
1082192
22301243
3039903
6732638
2694663
16073309
16997807
50972716
1304826
8723280
14209781
16911935
3475150
1316837
1500092
1651062
1008324
11478740
7428799
22796665
7184040
172584
9081766
778765
179964
9108102
46290258
20387
517708
278084
1907488
3317208
5063643
34619645
1333214
56638067
4081722
16254623
540777
406946
1465819
29545487
1020921
31759891
1796012
25337937
4170616
1580516
16603191
988193
14100086
893619
13089414
4912864
8919439
3392
1832069
2270193
35646108
9381
5520406
2683982
16244873
899645
677393
1325144
1986893
2817811
19584197
99080
1382241
1312662
8322117
1420342
8030067
532872
9336788
24708267
47026
885648
14836154
30666851
17759223
7121753
9413601
4584443
330628
1421724
14026360
15702139
20663065
1094760
8263013
1545516
11534151
11861762
2099848
18204690
18066964
7086943
46711
5565461
11844731
5682515
6471843
2985843
713524
2217137
5575082
2443866
778793
419936
15837671
38236622
15256660
666649
83857
4429827
4939583
11324788
4253898
579974
68855
6442108
3924836
10300271
57942143
188257
1928002
59094
42336191
13685583
24827601
5316
8050659
644401
29789286
740480
8991068
4679377
4659887
22940964
2198240
39955851
1478487
4922778
76265
16203834
6175880
286552
2939865
35170
1855485
7291161
17822565
5110976
52808122
1249749
8390471
29811106
4563208
10248304
6754708
5965865
8485602
5799306
2266872
6063358
19505
6686071
8784712
278418
1492917
8191303
33768764
14019974
38746192
618246
408412
1810137
251776
22219688
579491
7528195
1260049
8498814
37933096
59962484
354236
23042052
366851
5719389
470477
2218489
895458
36846182
661859
3057954
14662953
2299951
51962278
152287
55107282
11833922
37586447
7103032
314088
82988
2162657
2119706
118475
52504170
264658
1322593
31086993
20747538
14800035
46585162
5708849
19695832
64050
6058175
3759759
7334408
526301
1515765
1332405
5874864
5463
31334233
6476604
42153744
630600
49419645
7806257
993975
5869435
5205367
2250769
12577390
8823556
13388244
34633617
22392491
10407788
1634990
14878252
7493331
5913008
542458
30273922
5858581
1577251
1095181
655344
5710631
8332609
3330916
1780310
1042336
40293980
3392007
50176264
1281544
26658588
3105306
5470780
59541634
15965343
42042433
1684359
2273858
32410611
30524126
478871
35783570
6776310
250762
725423
1439428
22648375
1104190
227483
46249765
37223003
1296115
10489204
30665
32575566
2632746
2072150
25822972
4007293
2393905
3728211
10452642
31162821
21687
7620319
6410412
10426195
22670687
518090
37781123
6162118
25902208
3740137
8220954
10660795
572924
47216
1019791
1000588
226123
9079011
5184438
25723276
4535422
12697
39606064
1689766
803225
5342321
6806359
1942953
19711088
7604648
917931
534729
190598
552452
100541
743924
142030
3169
977627
1501870
509295
1080518
1042
7318348
547021
796136
10438373
5513150
1034582
1761520
1784493
83973
184809
6625584
3165532
3269297
663378
65870
39338579
24448061
17928155
9088056
509265
9498173
45195
16542113
44583944
645731
1009751
31402514
3840081
934254
3383684
58498705
31301654
3984985
52105856
22928857
24606714
46400566
560456
28788713
19176506
48382094
12800094
5033303
556213
1065730
86659
24782674
3535780
17217495
239012
23665824
531781
5275747
2867779
333655
24916364
1779249
17238438
979098
9203145
1506076
130553
1794963
5235856
8952081
171090
6432926
35450968
38045958
6533808
1268738
2365790
3782
54015295
19810909
6032823
2388371
1429913
1065521
6585283
52419336
32985513
11225092
9845234
41122242
291028
129536
3737
914418
12021443
6041577
491247
18533304
32636532
36575628
8532558
1482046
1150563
4971975
36745189
8131839
9480940
18710366
22520551
646253
12621342
51055767
8671115
945271
29575929
20113064
45508179
825729
4800338
7112768
932103
2620316
2969330
10493935
5876468
33702537
3073580
118984
17390257
2229946
13892277
16731001
41646249
49554
29250409
123501
8960834
1768433
446613
112306
216319
31047340
2271549
44772513
6418027
8087042
11290743
26211183
2110107
46030020
22739822
17734409
4532554
16630824
628435
7468651
31189892
6518824
480878
20069833
1833563
4701111
375469
30420
33207684
6573992
501238
15648334
17237484
90856
37259750
1878982
7533280
11493037
3161395
37231473
45042046
1305774
22412994
3874017
5205457
10321525
749025
9593424
4927633
22708
1032570
9999055
8939758
8044211
29107304
1094363
130929
9782521
7681467
17548090
2109893
20152487
3938570
744634
12178728
17007737
5004262
1586755
1063391
75427
18581488
7419664
1496954
1569098
4295385
58434170
33362396
42973632
1991673
17141866
473530
35374649
8250554
18379884
3051733
47375
30801372
22167799
50668443
36896360
1013356
38099970
4493366
281303
35585791
13315440
5440389
47294
2562584
14871187
1246444
16513358
6376638
10743098
19345840
1447507
3018239
3825899
104721
44191076
1225294
23424570
1111035
23444520
175836
182020
7001
3121758
1913296
41993974
16625731
11307
17856456
